17.4098 7.15009
17.4098 7.15009
17.4098 7.15009
17.4098 7.15009
17.4098 7.15009
17.3644 7.09151
17.0679 6.38091
16.7224 6.07668
16.303 5.88372
15.869 5.84307
15.4124 5.94863
14.9832 6.10249
14.5376 6.28888
14.0729 6.62393
13.7797 6.99355
13.5189 7.38872
13.3562 7.67075
13.2544 8.05624
13.2334 8.37365
13.3256 8.66971
13.5268 8.9368
13.8306 9.12682
14.1572 9.18202
14.4869 9.14257
14.6115 9.0831
14.6297 9.0677
14.6268 9.07173
14.6263 9.07249
14.6269 9.07167
14.6275 9.07082
14.6296 9.06781
14.6261 9.07279
14.6291 9.06843
14.6275 9.07081
14.6269 9.07154
